Time (yr)	Density (3.5e-18 g cm-3)	Pressure (3.5e-02 dyne/cm2)	Velocity (1e8 cm/s)
 0.000000e+00	 6.685714e-07	 9.027692e-11	 0.000000e+00
 4.737533e-01	 6.685714e-07	 9.027692e-11	 0.000000e+00
 9.479914e-01	 6.685714e-07	 9.027692e-11	 0.000000e+00
 1.421838e+00	 6.685714e-07	 9.027692e-11	 0.000000e+00
 1.896176e+00	 6.685714e-07	 9.027692e-11	 0.000000e+00
 2.370035e+00	 6.685714e-07	 9.027692e-11	 0.000000e+00
 2.844086e+00	 6.685714e-07	 9.027692e-11	 0.000000e+00
 3.318271e+00	 6.685714e-07	 9.027692e-11	 0.000000e+00
 3.792286e+00	 6.685714e-07	 9.027692e-11	 0.000000e+00
 4.266308e+00	 6.685714e-07	 9.027692e-11	 0.000000e+00
 4.740287e+00	 6.685714e-07	 9.027692e-11	 0.000000e+00
 5.214414e+00	 6.685714e-07	 9.027692e-11	 0.000000e+00
 5.688357e+00	 6.685714e-07	 9.027692e-11	 0.000000e+00
 6.162314e+00	 6.685714e-07	 9.027692e-11	 0.000000e+00
 6.636617e+00	 6.685714e-07	 9.027692e-11	 0.000000e+00
 7.110484e+00	 6.685714e-07	 9.027692e-11	 0.000000e+00
 7.584716e+00	 6.685714e-07	 9.027692e-11	 0.000000e+00
 8.058588e+00	 6.685714e-07	 9.027692e-11	 0.000000e+00
 8.532578e+00	 6.685714e-07	 9.027692e-11	 0.000000e+00
 9.006829e+00	 6.685714e-07	 9.027692e-11	 0.000000e+00
 9.480686e+00	 6.685714e-07	 9.027692e-11	 0.000000e+00
 9.954743e+00	 6.685714e-07	 9.027692e-11	 0.000000e+00
 1.042879e+01	 6.685714e-07	 9.027692e-11	 0.000000e+00
 1.090308e+01	 6.685714e-07	 9.027692e-11	 0.000000e+00
 1.137699e+01	 6.685714e-07	 9.027692e-11	 0.000000e+00
 1.185080e+01	 6.685714e-07	 9.027692e-11	 0.000000e+00
 1.232522e+01	 6.685714e-07	 9.027692e-11	 0.000000e+00
 1.279926e+01	 6.685714e-07	 9.027692e-11	 0.000000e+00
 1.327321e+01	 6.685714e-07	 9.027692e-11	 0.000000e+00
 1.374695e+01	 6.685714e-07	 9.027692e-11	 0.000000e+00
 1.422128e+01	 6.685714e-07	 9.027692e-11	 0.000000e+00
 1.469517e+01	 6.685714e-07	 9.027692e-11	 0.000000e+00
 1.516945e+01	 6.685714e-07	 9.027692e-11	 0.000000e+00
 1.564355e+01	 6.685714e-07	 9.027692e-11	 0.000000e+00
 1.611739e+01	 6.685714e-07	 9.027692e-11	 0.000000e+00
 1.659133e+01	 6.685714e-07	 9.027692e-11	 0.000000e+00
 1.706530e+01	 6.685714e-07	 9.027692e-11	 0.000000e+00
 1.753968e+01	 6.685714e-07	 9.027692e-11	 0.000000e+00
 1.801346e+01	 6.685714e-07	 9.027692e-11	 0.000000e+00
 1.848751e+01	 6.685714e-07	 9.027692e-11	 0.000000e+00
 1.896175e+01	 6.685714e-07	 9.027692e-11	 0.000000e+00
 1.943565e+01	 6.685714e-07	 9.027692e-11	 0.000000e+00
 1.990961e+01	 6.685714e-07	 9.027692e-11	 0.000000e+00
 2.038358e+01	 6.685714e-07	 9.027692e-11	 0.000000e+00
 2.085797e+01	 6.685714e-07	 9.027692e-11	 0.000000e+00
 2.133176e+01	 6.685714e-07	 9.027692e-11	 0.000000e+00
 2.180586e+01	 6.685714e-07	 9.027692e-11	 0.000000e+00
 2.227974e+01	 6.685714e-07	 9.027692e-11	 0.000000e+00
 2.275382e+01	 6.685714e-07	 9.027692e-11	 0.000000e+00
 2.322807e+01	 6.685714e-07	 9.027692e-11	 0.000000e+00
 2.370193e+01	 6.685714e-07	 9.027692e-11	 0.000000e+00
 2.417636e+01	 6.685714e-07	 9.027692e-11	 0.000000e+00
 2.465031e+01	 6.685714e-07	 9.027692e-11	 0.000000e+00
 2.512424e+01	 6.685714e-07	 9.027692e-11	 0.000000e+00
 2.559810e+01	 6.685714e-07	 9.027692e-11	 0.000000e+00
 2.607236e+01	 6.685714e-07	 9.027692e-11	 0.000000e+00
 2.654647e+01	 6.685714e-07	 9.027692e-11	 0.000000e+00
 2.702039e+01	 6.685714e-07	 9.027692e-11	 0.000000e+00
 2.749459e+01	 6.685714e-07	 9.027692e-11	 0.000000e+00
 2.796852e+01	 6.685714e-07	 9.027692e-11	 0.000000e+00
 2.844267e+01	 6.685714e-07	 9.027692e-11	 0.000000e+00
 2.891647e+01	 6.685714e-07	 9.027692e-11	 0.000000e+00
 2.939042e+01	 6.685714e-07	 9.027692e-11	 0.000000e+00
 2.986447e+01	 6.685714e-07	 9.027692e-11	 0.000000e+00
 3.033860e+01	 6.685714e-07	 9.027692e-11	 0.000000e+00
 3.081277e+01	 6.685714e-07	 9.027692e-11	 0.000000e+00
 3.128696e+01	 6.685714e-07	 9.027692e-11	 0.000000e+00
 3.176112e+01	 6.685714e-07	 9.027692e-11	 0.000000e+00
 3.223471e+01	 6.685714e-07	 9.027692e-11	 0.000000e+00
 3.270874e+01	 6.685714e-07	 9.027692e-11	 0.000000e+00
 3.318320e+01	 6.685714e-07	 9.027692e-11	 0.000000e+00
 3.365699e+01	 6.685714e-07	 9.027692e-11	 0.000000e+00
 3.413116e+01	 6.685714e-07	 9.027692e-11	 0.000000e+00
 3.460513e+01	 6.685714e-07	 9.027692e-11	 0.000000e+00
 3.507943e+01	 6.685714e-07	 9.027692e-11	 0.000000e+00
 3.555348e+01	 6.685714e-07	 9.027692e-11	 0.000000e+00
 3.602726e+01	 6.685714e-07	 9.027692e-11	 0.000000e+00
 3.650130e+01	 6.685714e-07	 9.027692e-11	 0.000000e+00
 3.697557e+01	 6.685714e-07	 9.027692e-11	 0.000000e+00
 3.744948e+01	 6.685714e-07	 9.027692e-11	 0.000000e+00
 3.792359e+01	 6.685714e-07	 9.027692e-11	 0.000000e+00
 3.839730e+01	 6.685714e-07	 9.027692e-11	 0.000000e+00
 3.887172e+01	 6.685714e-07	 9.027692e-11	 0.000000e+00
 3.934569e+01	 6.685714e-07	 9.027692e-11	 0.000000e+00
 3.981976e+01	 6.685714e-07	 9.027692e-11	 0.000000e+00
 4.029391e+01	 6.685714e-07	 9.027692e-11	 0.000000e+00
 4.076757e+01	 6.685714e-07	 9.027692e-11	 0.000000e+00
 4.124182e+01	 6.685714e-07	 9.027692e-11	 0.000000e+00
 4.171609e+01	 6.685714e-07	 9.027692e-11	 0.000000e+00
 4.218980e+01	 6.685714e-07	 9.027692e-11	 0.000000e+00
 4.266406e+01	 6.685714e-07	 9.027692e-11	 0.000000e+00
 4.313828e+01	 6.685714e-07	 9.027692e-11	 0.000000e+00
 4.361188e+01	 6.685714e-07	 9.027692e-11	 0.000000e+00
 4.408598e+01	 6.685714e-07	 9.027692e-11	 0.000000e+00
 4.455999e+01	 6.685714e-07	 9.027692e-11	 0.000000e+00
 4.503446e+01	 6.685714e-07	 9.027692e-11	 0.000000e+00
 4.550823e+01	 6.685714e-07	 9.027692e-11	 0.000000e+00
 4.598244e+01	 6.685714e-07	 9.027692e-11	 0.000000e+00
 4.645649e+01	 6.685714e-07	 9.027692e-11	 0.000000e+00
 4.693037e+01	 6.685714e-07	 9.027692e-11	 0.000000e+00
 4.740464e+01	 6.685714e-07	 9.027692e-11	 0.000000e+00
 4.787871e+01	 6.685714e-07	 9.027692e-11	 0.000000e+00
 4.835252e+01	 6.685714e-07	 9.027692e-11	 0.000000e+00
 4.882671e+01	 6.685714e-07	 9.027692e-11	 0.000000e+00
 4.930066e+01	 6.685714e-07	 9.027692e-11	 0.000000e+00
 4.977490e+01	 6.685714e-07	 9.027692e-11	 0.000000e+00
 5.024890e+01	 6.685714e-07	 9.027692e-11	 0.000000e+00
 5.072257e+01	 6.685714e-07	 9.027692e-11	 0.000000e+00
 5.119652e+01	 6.685714e-07	 9.027692e-11	 0.000000e+00
 5.167071e+01	 6.685714e-07	 9.027692e-11	 0.000000e+00
 5.214461e+01	 6.685714e-07	 9.027692e-11	 0.000000e+00
 5.261871e+01	 6.685714e-07	 9.027692e-11	 0.000000e+00
 5.309309e+01	 6.685714e-07	 9.027692e-11	 0.000000e+00
 5.356704e+01	 2.663820e-06	 8.503998e-06	 3.099610e+00
 5.404118e+01	 2.635688e-06	 8.473370e-06	 3.123980e+00
 5.451494e+01	 2.606002e-06	 8.441481e-06	 3.148324e+00
 5.498890e+01	 2.574455e-06	 8.407490e-06	 3.172871e+00
 5.546299e+01	 2.540930e-06	 8.371605e-06	 3.197668e+00
 5.593728e+01	 2.505270e-06	 8.333982e-06	 3.222730e+00
 5.641109e+01	 2.467321e-06	 8.294794e-06	 3.248062e+00
 5.688561e+01	 2.426717e-06	 8.253979e-06	 3.273740e+00
 5.735965e+01	 2.383233e-06	 8.211741e-06	 3.299732e+00
 5.783323e+01	 2.336457e-06	 8.168185e-06	 3.326062e+00
 5.830751e+01	 2.285726e-06	 8.123256e-06	 3.352815e+00
 5.878127e+01	 2.230380e-06	 8.077149e-06	 3.379945e+00
 5.925570e+01	 2.169220e-06	 8.029832e-06	 3.407540e+00
 5.972960e+01	 2.100807e-06	 7.981519e-06	 3.435546e+00
 6.020356e+01	 2.022520e-06	 7.932314e-06	 3.464011e+00
 6.067756e+01	 1.929834e-06	 7.882421e-06	 3.492951e+00
 6.115165e+01	 1.813328e-06	 7.832208e-06	 3.522376e+00
 6.162570e+01	 1.646012e-06	 7.782384e-06	 3.552292e+00
 6.209979e+01	 2.497307e-05	 7.702177e-06	 3.582706e+00
 6.257393e+01	 2.882219e-05	 7.092406e-06	 3.615974e+00
 6.304803e+01	 2.918029e-05	 6.444390e-06	 3.654844e+00
 6.352217e+01	 2.955465e-05	 5.665829e-06	 3.702315e+00
 6.399622e+01	 7.671213e-06	 5.044744e-10	 4.446045e+00
 6.447031e+01	 8.512788e-06	 5.712495e-10	 4.413761e+00
 6.494436e+01	 9.462993e-06	 6.485945e-10	 4.381973e+00
 6.541836e+01	 1.053730e-05	 7.383786e-10	 4.350671e+00
 6.589231e+01	 1.175314e-05	 8.427944e-10	 4.319847e+00
 6.636617e+01	 1.313014e-05	 9.644144e-10	 4.289489e+00
 6.684064e+01	 1.469291e-05	 1.106512e-09	 4.259553e+00
 6.731436e+01	 1.646274e-05	 1.272365e-09	 4.230105e+00
 6.778869e+01	 1.847219e-05	 1.466650e-09	 4.201062e+00
 6.826226e+01	 2.074690e-05	 1.693849e-09	 4.172489e+00
 6.873636e+01	 2.332682e-05	 1.960402e-09	 4.144305e+00
 6.921036e+01	 2.624604e-05	 2.272889e-09	 4.116538e+00
 6.968488e+01	 2.954862e-05	 2.639814e-09	 4.089146e+00
 7.015864e+01	 3.326659e-05	 3.069349e-09	 4.062191e+00
 7.063293e+01	 3.745120e-05	 3.573152e-09	 4.035596e+00
 7.110645e+01	 4.213149e-05	 4.161766e-09	 4.009423e+00
 7.158107e+01	 4.736492e-05	 4.851181e-09	 3.983561e+00
 7.205497e+01	 5.316380e-05	 5.653790e-09	 3.958105e+00
 7.252869e+01	 5.955840e-05	 6.586793e-09	 3.933015e+00
 7.300283e+01	 6.657094e-05	 7.669344e-09	 3.908250e+00
 7.347688e+01	 7.419138e-05	 8.919075e-09	 3.883837e+00
 7.395135e+01	 8.241229e-05	 1.035738e-08	 3.859737e+00
 7.442502e+01	 9.117630e-05	 1.200026e-08	 3.836006e+00
 7.489916e+01	 1.004546e-04	 1.387161e-08	 3.812576e+00
 7.537306e+01	 1.101719e-04	 1.598808e-08	 3.789470e+00
 7.584744e+01	 1.202754e-04	 1.837096e-08	 3.766653e+00
 7.632102e+01	 1.306802e-04	 2.103072e-08	 3.744179e+00
 7.679559e+01	 1.413907e-04	 2.399403e-08	 3.721951e+00
 7.726935e+01	 1.523647e-04	 2.726511e-08	 3.700054e+00
 7.774354e+01	 1.636765e-04	 3.086835e-08	 3.678423e+00
 7.821749e+01	 1.754062e-04	 3.481789e-08	 3.657080e+00
 7.869120e+01	 1.876866e-04	 3.913555e-08	 3.636022e+00
 7.916535e+01	 2.006788e-04	 4.385359e-08	 3.615213e+00
 7.963987e+01	 2.145061e-04	 4.900431e-08	 3.594651e+00
 8.011354e+01	 2.291889e-04	 5.460809e-08	 3.574385e+00
 8.058758e+01	 2.447305e-04	 6.071468e-08	 3.554355e+00
 8.106201e+01	 2.610073e-04	 6.735856e-08	 3.534558e+00
 8.153558e+01	 2.777959e-04	 7.454973e-08	 3.515041e+00
 8.201010e+01	 2.950022e-04	 8.233952e-08	 3.495721e+00
 8.248377e+01	 3.124956e-04	 9.071520e-08	 3.476673e+00
 8.295782e+01	 3.304018e-04	 9.971569e-08	 3.457840e+00
 8.343220e+01	 3.489188e-04	 1.093655e-07	 3.439218e+00
 8.390629e+01	 3.682257e-04	 1.196814e-07	 3.420829e+00
 8.438015e+01	 3.884001e-04	 1.306972e-07	 3.402668e+00
 8.485434e+01	 4.093553e-04	 1.424620e-07	 3.384706e+00
 8.532824e+01	 4.308240e-04	 1.549864e-07	 3.366965e+00
 8.580248e+01	 4.526505e-04	 1.683040e-07	 3.349416e+00
 8.627643e+01	 4.748308e-04	 1.824095e-07	 3.332079e+00
 8.675005e+01	 4.975725e-04	 1.973174e-07	 3.314951e+00
 8.722405e+01	 5.210873e-04	 2.130723e-07	 3.298005e+00
 8.769838e+01	 5.453279e-04	 2.297016e-07	 3.281238e+00
 8.817238e+01	 5.700269e-04	 2.472014e-07	 3.264669e+00
 8.864672e+01	 5.950623e-04	 2.656032e-07	 3.248272e+00
 8.912076e+01	 6.204897e-04	 2.848871e-07	 3.232066e+00
 8.959443e+01	 6.464877e-04	 3.050619e-07	 3.216047e+00
 9.006848e+01	 6.730819e-04	 3.261677e-07	 3.200192e+00
 9.054281e+01	 7.000858e-04	 3.482130e-07	 3.184496e+00
 9.101681e+01	 7.273701e-04	 3.711659e-07	 3.168979e+00
 9.149048e+01	 7.550285e-04	 3.950209e-07	 3.153637e+00
 9.196509e+01	 7.831932e-04	 4.198442e-07	 3.138425e+00
 9.243876e+01	 8.116477e-04	 4.455308e-07	 3.123403e+00
 9.291267e+01	 8.403823e-04	 4.721384e-07	 3.108527e+00
 9.338695e+01	 8.694219e-04	 4.996554e-07	 3.093794e+00
 9.386081e+01	 8.987365e-04	 5.280309e-07	 3.079222e+00
 9.433500e+01	 9.283114e-04	 5.572867e-07	 3.064788e+00
 9.480885e+01	 9.580591e-04	 5.873621e-07	 3.050509e+00
 9.528300e+01	 9.879943e-04	 6.182745e-07	 3.036363e+00
 9.575742e+01	 1.018114e-03	 6.499990e-07	 3.022348e+00
 9.623147e+01	 1.048351e-03	 6.824647e-07	 3.008481e+00
 9.670514e+01	 1.078629e-03	 7.156383e-07	 2.994759e+00
 9.717914e+01	 1.108987e-03	 7.495296e-07	 2.981161e+00
 9.765337e+01	 1.139432e-03	 7.841049e-07	 2.967685e+00
 9.812728e+01	 1.169821e-03	 8.192771e-07	 2.954347e+00
 9.860142e+01	 1.200202e-03	 8.550524e-07	 2.941126e+00
 9.907523e+01	 1.230536e-03	 8.913391e-07	 2.928039e+00
 9.954928e+01	 1.260753e-03	 9.281409e-07	 2.915065e+00
 1.000236e+02	 1.290899e-03	 9.654108e-07	 2.902203e+00
 1.004976e+02	 1.320883e-03	 1.003049e-06	 2.889469e+00
 1.009718e+02	 1.350668e-03	 1.041056e-06	 2.876842e+00
 1.014456e+02	 1.380270e-03	 1.079327e-06	 2.864338e+00
 1.019197e+02	 1.409620e-03	 1.117862e-06	 2.851939e+00
 1.023940e+02	 1.438737e-03	 1.156606e-06	 2.839642e+00
 1.028680e+02	 1.467548e-03	 1.195452e-06	 2.827462e+00
 1.033422e+02	 1.496038e-03	 1.234395e-06	 2.815382e+00
 1.038161e+02	 1.524188e-03	 1.273326e-06	 2.803416e+00
 1.042902e+02	 1.551958e-03	 1.312243e-06	 2.791545e+00
 1.047638e+02	 1.579340e-03	 1.351035e-06	 2.779785e+00
 1.052385e+02	 1.606331e-03	 1.389752e-06	 2.768101e+00
 1.057120e+02	 1.632846e-03	 1.428177e-06	 2.756541e+00
 1.061864e+02	 1.658931e-03	 1.466416e-06	 2.745055e+00
 1.066605e+02	 1.684526e-03	 1.504304e-06	 2.733673e+00
 1.071341e+02	 1.709584e-03	 1.541791e-06	 2.722393e+00
 1.076086e+02	 1.734177e-03	 1.578924e-06	 2.711183e+00
 1.080821e+02	 1.758167e-03	 1.615499e-06	 2.700089e+00
 1.085565e+02	 1.781651e-03	 1.651617e-06	 2.689062e+00
 1.090305e+02	 1.804534e-03	 1.687126e-06	 2.678133e+00
 1.095046e+02	 1.826847e-03	 1.722030e-06	 2.667284e+00
 1.099785e+02	 1.848529e-03	 1.756233e-06	 2.656529e+00
 1.104525e+02	 1.869614e-03	 1.789738e-06	 2.645852e+00
 1.109267e+02	 1.890072e-03	 1.822504e-06	 2.635252e+00
 1.114006e+02	 1.909883e-03	 1.854443e-06	 2.624743e+00
 1.118747e+02	 1.929044e-03	 1.885562e-06	 2.614309e+00
 1.123490e+02	 1.947568e-03	 1.915824e-06	 2.603949e+00
 1.128229e+02	 1.965398e-03	 1.945154e-06	 2.593675e+00
 1.132970e+02	 1.982575e-03	 1.973561e-06	 2.583474e+00
 1.137707e+02	 1.999051e-03	 2.000977e-06	 2.573357e+00
 1.142454e+02	 2.014881e-03	 2.027449e-06	 2.563296e+00
 1.147189e+02	 2.029985e-03	 2.052845e-06	 2.553332e+00
 1.151933e+02	 2.044429e-03	 2.077247e-06	 2.543421e+00
 1.156673e+02	 2.058173e-03	 2.100568e-06	 2.533592e+00
 1.161414e+02	 2.071225e-03	 2.122823e-06	 2.523829e+00
 1.166153e+02	 2.083583e-03	 2.143966e-06	 2.514144e+00
 1.170893e+02	 2.095251e-03	 2.164016e-06	 2.504524e+00
 1.175635e+02	 2.106237e-03	 2.182961e-06	 2.494968e+00
 1.180373e+02	 2.116532e-03	 2.200767e-06	 2.485488e+00
 1.185113e+02	 2.126143e-03	 2.217455e-06	 2.476070e+00
 1.189855e+02	 2.135087e-03	 2.233018e-06	 2.466714e+00
 1.194594e+02	 2.143348e-03	 2.247435e-06	 2.457431e+00
 1.199334e+02	 2.150943e-03	 2.260728e-06	 2.448208e+00
 1.204077e+02	 2.157885e-03	 2.272898e-06	 2.439044e+00
 1.208815e+02	 2.164165e-03	 2.283933e-06	 2.429952e+00
 1.213555e+02	 2.169800e-03	 2.293856e-06	 2.420917e+00
 1.218298e+02	 2.174803e-03	 2.302673e-06	 2.411940e+00
 1.223036e+02	 2.179171e-03	 2.310385e-06	 2.403031e+00
 1.227777e+02	 2.182918e-03	 2.317013e-06	 2.394179e+00
 1.232520e+02	 2.186058e-03	 2.322569e-06	 2.385382e+00
 1.237258e+02	 2.188596e-03	 2.327062e-06	 2.376652e+00
 1.241998e+02	 2.190543e-03	 2.330514e-06	 2.367976e+00
 1.246741e+02	 2.191911e-03	 2.332941e-06	 2.359354e+00
 1.251479e+02	 2.192711e-03	 2.334359e-06	 2.350797e+00
 1.256220e+02	 2.192955e-03	 2.334790e-06	 2.342292e+00
 1.260962e+02	 2.192652e-03	 2.334254e-06	 2.333839e+00
 1.265700e+02	 2.191817e-03	 2.332773e-06	 2.325450e+00
 1.270441e+02	 2.190462e-03	 2.330369e-06	 2.317111e+00
 1.275183e+02	 2.188597e-03	 2.327062e-06	 2.308823e+00
 1.279921e+02	 2.186237e-03	 2.322883e-06	 2.300596e+00
 1.284668e+02	 2.183390e-03	 2.317842e-06	 2.292407e+00
 1.289403e+02	 2.180078e-03	 2.311986e-06	 2.284290e+00
 1.294148e+02	 2.176303e-03	 2.305316e-06	 2.276210e+00
 1.298887e+02	 2.172086e-03	 2.297876e-06	 2.268189e+00
 1.303630e+02	 2.167435e-03	 2.289681e-06	 2.260216e+00
 1.308367e+02	 2.162370e-03	 2.280769e-06	 2.252302e+00
 1.313107e+02	 2.156896e-03	 2.271156e-06	 2.244434e+00
 1.317849e+02	 2.151027e-03	 2.260865e-06	 2.236612e+00
 1.322586e+02	 2.144784e-03	 2.249938e-06	 2.228847e+00
 1.327332e+02	 2.138161e-03	 2.238371e-06	 2.221116e+00
 1.332067e+02	 2.131199e-03	 2.226238e-06	 2.213452e+00
 1.336810e+02	 2.123883e-03	 2.213514e-06	 2.205822e+00
 1.341550e+02	 2.116243e-03	 2.200260e-06	 2.198247e+00
 1.346291e+02	 2.108284e-03	 2.186485e-06	 2.190716e+00
 1.351034e+02	 2.100015e-03	 2.172211e-06	 2.183228e+00
 1.355773e+02	 2.091462e-03	 2.157487e-06	 2.175794e+00
 1.360514e+02	 2.082625e-03	 2.142314e-06	 2.168402e+00
 1.365250e+02	 2.073528e-03	 2.126740e-06	 2.161064e+00
 1.369996e+02	 2.064156e-03	 2.110743e-06	 2.153757e+00
 1.374736e+02	 2.054547e-03	 2.094393e-06	 2.146502e+00
 1.379472e+02	 2.044714e-03	 2.077713e-06	 2.139298e+00
 1.384217e+02	 2.034639e-03	 2.060678e-06	 2.132125e+00
 1.388957e+02	 2.024361e-03	 2.043358e-06	 2.125003e+00
 1.393693e+02	 2.013891e-03	 2.025775e-06	 2.117931e+00
 1.398438e+02	 2.003210e-03	 2.007900e-06	 2.110889e+00
 1.403177e+02	 1.992359e-03	 1.989805e-06	 2.103896e+00
 1.407919e+02	 1.981331e-03	 1.971483e-06	 2.096943e+00
 1.412657e+02	 1.970153e-03	 1.952980e-06	 2.090039e+00
 1.417396e+02	 1.958818e-03	 1.934289e-06	 2.083173e+00
 1.422138e+02	 1.947336e-03	 1.915429e-06	 2.076346e+00
 1.426881e+02	 1.935715e-03	 1.896415e-06	 2.069556e+00
 1.431620e+02	 1.923981e-03	 1.877294e-06	 2.062814e+00
 1.436361e+02	 1.912125e-03	 1.858054e-06	 2.056109e+00
 1.441098e+02	 1.900174e-03	 1.838740e-06	 2.049451e+00
 1.445843e+02	 1.888101e-03	 1.819310e-06	 2.042820e+00
 1.450578e+02	 1.875966e-03	 1.799863e-06	 2.036245e+00
 1.455320e+02	 1.863725e-03	 1.780331e-06	 2.029696e+00
 1.460058e+02	 1.851419e-03	 1.760783e-06	 2.023193e+00
 1.464806e+02	 1.839021e-03	 1.741175e-06	 2.016716e+00
 1.469541e+02	 1.826592e-03	 1.721605e-06	 2.010293e+00
 1.474286e+02	 1.814084e-03	 1.702002e-06	 2.003895e+00
 1.479026e+02	 1.801539e-03	 1.682432e-06	 1.997542e+00
 1.483761e+02	 1.788966e-03	 1.662906e-06	 1.991233e+00
 1.488505e+02	 1.776332e-03	 1.643380e-06	 1.984948e+00
 1.493244e+02	 1.763682e-03	 1.623920e-06	 1.978707e+00
 1.497986e+02	 1.751001e-03	 1.604507e-06	 1.972499e+00
 1.502723e+02	 1.738314e-03	 1.585179e-06	 1.966333e+00
 1.507468e+02	 1.725590e-03	 1.565888e-06	 1.960192e+00
 1.512209e+02	 1.712871e-03	 1.546698e-06	 1.954093e+00
 1.516946e+02	 1.700161e-03	 1.527617e-06	 1.948035e+00
 1.521691e+02	 1.687429e-03	 1.508598e-06	 1.942001e+00
 1.526432e+02	 1.674716e-03	 1.489702e-06	 1.936008e+00
 1.531167e+02	 1.662026e-03	 1.470937e-06	 1.930055e+00
 1.535912e+02	 1.649327e-03	 1.452253e-06	 1.924125e+00
 1.540652e+02	 1.636659e-03	 1.433711e-06	 1.918236e+00
 1.545387e+02	 1.624027e-03	 1.415316e-06	 1.912386e+00
 1.550132e+02	 1.611398e-03	 1.397019e-06	 1.906558e+00
 1.554872e+02	 1.598812e-03	 1.378880e-06	 1.900770e+00
 1.559613e+02	 1.586253e-03	 1.360876e-06	 1.895012e+00
 1.564350e+02	 1.573744e-03	 1.343037e-06	 1.889293e+00
 1.569089e+02	 1.561269e-03	 1.325340e-06	 1.883604e+00
 1.573831e+02	 1.548832e-03	 1.307791e-06	 1.877944e+00
 1.578574e+02	 1.536435e-03	 1.290391e-06	 1.872314e+00
 1.583313e+02	 1.524099e-03	 1.273170e-06	 1.866722e+00
 1.588053e+02	 1.511808e-03	 1.256104e-06	 1.861158e+00
 1.592796e+02	 1.499566e-03	 1.239196e-06	 1.855624e+00
 1.597534e+02	 1.487391e-03	 1.222474e-06	 1.850126e+00
 1.602275e+02	 1.475269e-03	 1.205914e-06	 1.844657e+00
 1.607017e+02	 1.463202e-03	 1.189519e-06	 1.839216e+00
 1.611754e+02	 1.451209e-03	 1.173314e-06	 1.833810e+00
 1.616494e+02	 1.439274e-03	 1.157276e-06	 1.828433e+00
 1.621236e+02	 1.427400e-03	 1.141407e-06	 1.823083e+00
 1.625980e+02	 1.415587e-03	 1.125707e-06	 1.817760e+00
 1.630719e+02	 1.403856e-03	 1.110202e-06	 1.812473e+00
 1.635460e+02	 1.392190e-03	 1.094868e-06	 1.807212e+00
 1.640197e+02	 1.380607e-03	 1.079727e-06	 1.801986e+00
 1.644943e+02	 1.369074e-03	 1.064738e-06	 1.796779e+00
 1.649683e+02	 1.357628e-03	 1.049942e-06	 1.791605e+00
 1.654419e+02	 1.346268e-03	 1.035341e-06	 1.786465e+00
 1.659164e+02	 1.334963e-03	 1.020892e-06	 1.781344e+00
 1.663904e+02	 1.323746e-03	 1.006636e-06	 1.776256e+00
 1.668640e+02	 1.312619e-03	 9.925726e-07	 1.771201e+00
 1.673384e+02	 1.301549e-03	 9.786603e-07	 1.766164e+00
 1.678124e+02	 1.290572e-03	 9.649418e-07	 1.761159e+00
 1.682866e+02	 1.279665e-03	 9.513891e-07	 1.756180e+00
 1.687603e+02	 1.268847e-03	 9.380224e-07	 1.751232e+00
 1.692342e+02	 1.258112e-03	 9.248330e-07	 1.746309e+00
 1.697083e+02	 1.247453e-03	 9.118105e-07	 1.741410e+00
 1.701827e+02	 1.236872e-03	 8.989569e-07	 1.736536e+00
 1.706565e+02	 1.226387e-03	 8.862923e-07	 1.731693e+00
 1.711306e+02	 1.215979e-03	 8.737914e-07	 1.726873e+00
 1.716049e+02	 1.205647e-03	 8.614526e-07	 1.722078e+00
 1.720787e+02	 1.195412e-03	 8.492987e-07	 1.717313e+00
 1.725527e+02	 1.185255e-03	 8.373048e-07	 1.712571e+00
 1.730270e+02	 1.175176e-03	 8.254724e-07	 1.707852e+00
 1.735007e+02	 1.165192e-03	 8.138173e-07	 1.703164e+00
 1.739747e+02	 1.155287e-03	 8.023195e-07	 1.698498e+00
 1.744489e+02	 1.145462e-03	 7.909794e-07	 1.693854e+00
 1.749232e+02	 1.135715e-03	 7.797942e-07	 1.689233e+00
 1.753971e+02	 1.126063e-03	 7.687799e-07	 1.684642e+00
 1.758713e+02	 1.116490e-03	 7.579179e-07	 1.680072e+00
 1.763449e+02	 1.107010e-03	 7.472224e-07	 1.675531e+00
 1.768195e+02	 1.097595e-03	 7.366613e-07	 1.671006e+00
 1.772935e+02	 1.088273e-03	 7.262628e-07	 1.666508e+00
 1.777671e+02	 1.079044e-03	 7.160265e-07	 1.662039e+00
 1.782416e+02	 1.069879e-03	 7.059194e-07	 1.657584e+00
 1.787156e+02	 1.060806e-03	 6.959702e-07	 1.653157e+00
 1.791891e+02	 1.051825e-03	 6.861774e-07	 1.648758e+00
 1.796635e+02	 1.042907e-03	 6.765093e-07	 1.644373e+00
 1.801375e+02	 1.034081e-03	 6.669939e-07	 1.640015e+00
 1.806116e+02	 1.025332e-03	 6.576151e-07	 1.635677e+00
 1.810853e+02	 1.016673e-03	 6.483847e-07	 1.631367e+00
 1.815599e+02	 1.008077e-03	 6.392739e-07	 1.627070e+00
 1.820340e+02	 9.995701e-04	 6.303082e-07	 1.622800e+00
 1.825076e+02	 9.911517e-04	 6.214855e-07	 1.618556e+00
 1.829821e+02	 9.827960e-04	 6.127779e-07	 1.614325e+00
 1.834561e+02	 9.745275e-04	 6.042096e-07	 1.610121e+00
 1.839297e+02	 9.663459e-04	 5.957789e-07	 1.605942e+00
 1.844041e+02	 9.582261e-04	 5.874589e-07	 1.601776e+00
 1.848781e+02	 9.501919e-04	 5.792726e-07	 1.597636e+00
 1.853523e+02	 9.422309e-04	 5.712064e-07	 1.593515e+00
 1.858260e+02	 9.343544e-04	 5.632703e-07	 1.589419e+00
 1.862999e+02	 9.265499e-04	 5.554507e-07	 1.585342e+00
 1.867740e+02	 9.188172e-04	 5.477461e-07	 1.581283e+00
 1.872483e+02	 9.111556e-04	 5.401549e-07	 1.577243e+00
 1.877221e+02	 9.035761e-04	 5.326869e-07	 1.573227e+00
 1.881962e+02	 8.960668e-04	 5.253290e-07	 1.569230e+00
 1.886705e+02	 8.886271e-04	 5.180799e-07	 1.565250e+00
 1.891442e+02	 8.812677e-04	 5.109486e-07	 1.561295e+00
 1.896182e+02	 8.739768e-04	 5.039228e-07	 1.557357e+00
 1.900924e+02	 8.667539e-04	 4.970009e-07	 1.553438e+00
 1.905668e+02	 8.595987e-04	 4.901816e-07	 1.549535e+00
 1.910407e+02	 8.525212e-04	 4.834735e-07	 1.545657e+00
 1.915148e+02	 8.455100e-04	 4.768649e-07	 1.541795e+00
 1.919884e+02	 8.385752e-04	 4.703641e-07	 1.537957e+00
 1.924630e+02	 8.316954e-04	 4.639501e-07	 1.534130e+00
 1.929370e+02	 8.248907e-04	 4.576409e-07	 1.530325e+00
 1.934106e+02	 8.181604e-04	 4.514346e-07	 1.526544e+00
 1.938850e+02	 8.114837e-04	 4.453113e-07	 1.522773e+00
 1.943590e+02	 8.048801e-04	 4.392881e-07	 1.519024e+00
 1.948332e+02	 7.983392e-04	 4.333544e-07	 1.515293e+00
 1.953068e+02	 7.918700e-04	 4.275175e-07	 1.511583e+00
 1.957807e+02	 7.854623e-04	 4.217674e-07	 1.507889e+00
 1.962548e+02	 7.791155e-04	 4.161026e-07	 1.504212e+00
 1.967292e+02	 7.728290e-04	 4.105220e-07	 1.500550e+00
 1.972030e+02	 7.666119e-04	 4.050326e-07	 1.496910e+00
 1.976770e+02	 7.604540e-04	 3.996247e-07	 1.493286e+00
 1.981512e+02	 7.543549e-04	 3.942971e-07	 1.489678e+00
 1.986256e+02	 7.483140e-04	 3.890486e-07	 1.486085e+00
 1.990996e+02	 7.423400e-04	 3.838859e-07	 1.482513e+00
 1.995737e+02	 7.364230e-04	 3.787997e-07	 1.478957e+00
 2.000474e+02	 7.305716e-04	 3.737966e-07	 1.475421e+00
 2.005213e+02	 7.247762e-04	 3.688677e-07	 1.471901e+00
 2.009953e+02	 7.190363e-04	 3.640118e-07	 1.468395e+00
 2.014696e+02	 7.133516e-04	 3.592279e-07	 1.464905e+00
 2.019441e+02	 7.077214e-04	 3.545150e-07	 1.461429e+00
 2.024180e+02	 7.021539e-04	 3.498790e-07	 1.457974e+00
 2.028915e+02	 6.966482e-04	 3.453186e-07	 1.454538e+00
 2.033659e+02	 6.911873e-04	 3.408188e-07	 1.451112e+00
 2.038397e+02	 6.857872e-04	 3.363925e-07	 1.447705e+00
 2.043138e+02	 6.804392e-04	 3.320317e-07	 1.444313e+00
 2.047882e+02	 6.751428e-04	 3.277355e-07	 1.440935e+00
 2.052619e+02	 6.699057e-04	 3.235093e-07	 1.437577e+00
 2.057359e+02	 6.647191e-04	 3.193457e-07	 1.434232e+00
 2.062101e+02	 6.595828e-04	 3.152436e-07	 1.430902e+00
 2.066845e+02	 6.544962e-04	 3.112022e-07	 1.427585e+00
 2.071584e+02	 6.494666e-04	 3.072265e-07	 1.424288e+00
 2.076325e+02	 6.444860e-04	 3.033099e-07	 1.421004e+00
 2.081061e+02	 6.395616e-04	 2.994571e-07	 1.417739e+00
 2.085806e+02	 6.346775e-04	 2.956554e-07	 1.414482e+00
 2.090546e+02	 6.298479e-04	 2.919152e-07	 1.411244e+00
 2.095288e+02	 6.250650e-04	 2.882301e-07	 1.408019e+00
 2.100025e+02	 6.203360e-04	 2.846048e-07	 1.404812e+00
 2.104763e+02	 6.156532e-04	 2.810331e-07	 1.401619e+00
 2.109504e+02	 6.110162e-04	 2.775142e-07	 1.398439e+00
 2.114248e+02	 6.064248e-04	 2.740474e-07	 1.395271e+00
 2.118985e+02	 6.018854e-04	 2.706369e-07	 1.392122e+00
 2.123725e+02	 5.973905e-04	 2.672768e-07	 1.388986e+00
 2.128467e+02	 5.929398e-04	 2.639662e-07	 1.385862e+00
 2.133211e+02	 5.885327e-04	 2.607044e-07	 1.382751e+00
 2.137950e+02	 5.841756e-04	 2.574955e-07	 1.379657e+00
 2.142690e+02	 5.798612e-04	 2.543338e-07	 1.376576e+00
 2.147433e+02	 5.755891e-04	 2.512185e-07	 1.373508e+00
 2.152171e+02	 5.713654e-04	 2.481536e-07	 1.370457e+00
 2.156910e+02	 5.671829e-04	 2.451334e-07	 1.367417e+00
 2.161652e+02	 5.630413e-04	 2.421574e-07	 1.364391e+00
 2.166395e+02	 5.589401e-04	 2.392248e-07	 1.361376e+00
 2.171133e+02	 5.548852e-04	 2.363393e-07	 1.358378e+00
 2.175873e+02	 5.508697e-04	 2.334957e-07	 1.355392e+00
 2.180616e+02	 5.468933e-04	 2.306933e-07	 1.352418e+00
 2.185353e+02	 5.429614e-04	 2.279357e-07	 1.349460e+00
 2.190092e+02	 5.390677e-04	 2.252178e-07	 1.346515e+00
 2.194833e+02	 5.352115e-04	 2.225391e-07	 1.343580e+00
 2.199576e+02	 5.313926e-04	 2.198990e-07	 1.340658e+00
 2.204313e+02	 5.276163e-04	 2.173006e-07	 1.337751e+00
 2.209053e+02	 5.238763e-04	 2.147395e-07	 1.334856e+00
 2.213794e+02	 5.201721e-04	 2.122148e-07	 1.331973e+00
 2.218538e+02	 5.165034e-04	 2.097262e-07	 1.329100e+00
 2.223276e+02	 5.128753e-04	 2.072766e-07	 1.326244e+00
 2.228017e+02	 5.092818e-04	 2.048618e-07	 1.323398e+00
 2.232759e+02	 5.057224e-04	 2.024810e-07	 1.320564e+00
 2.237496e+02	 5.022022e-04	 2.001374e-07	 1.317745e+00
 2.242242e+02	 4.987098e-04	 1.978232e-07	 1.314932e+00
 2.246983e+02	 4.952557e-04	 1.955449e-07	 1.312135e+00
 2.251718e+02	 4.918394e-04	 1.933020e-07	 1.309353e+00
 2.256463e+02	 4.884499e-04	 1.910868e-07	 1.306578e+00
 2.261202e+02	 4.850973e-04	 1.889058e-07	 1.303817e+00
 2.265943e+02	 4.817759e-04	 1.867551e-07	 1.301067e+00
 2.270679e+02	 4.784904e-04	 1.846373e-07	 1.298332e+00
 2.275424e+02	 4.752304e-04	 1.825454e-07	 1.295603e+00
 2.280164e+02	 4.720054e-04	 1.804855e-07	 1.292888e+00
 2.284906e+02	 4.688102e-04	 1.784538e-07	 1.290184e+00
 2.289641e+02	 4.656493e-04	 1.764529e-07	 1.287495e+00
 2.294387e+02	 4.625123e-04	 1.744762e-07	 1.284811e+00
 2.299127e+02	 4.594089e-04	 1.725294e-07	 1.282142e+00
 2.303862e+02	 4.563385e-04	 1.706118e-07	 1.279487e+00
 2.308606e+02	 4.532911e-04	 1.687172e-07	 1.276838e+00
 2.313344e+02	 4.502760e-04	 1.668510e-07	 1.274203e+00
 2.318084e+02	 4.472881e-04	 1.650097e-07	 1.271578e+00
 2.322827e+02	 4.443270e-04	 1.631931e-07	 1.268962e+00
 2.327571e+02	 4.413924e-04	 1.614007e-07	 1.266357e+00
 2.332309e+02	 4.384886e-04	 1.596349e-07	 1.263765e+00
 2.337050e+02	 4.356106e-04	 1.578925e-07	 1.261183e+00
 2.341792e+02	 4.327581e-04	 1.561730e-07	 1.258610e+00
 2.346529e+02	 4.299353e-04	 1.544789e-07	 1.256051e+00
 2.351268e+02	 4.271373e-04	 1.528070e-07	 1.253501e+00
 2.356008e+02	 4.243639e-04	 1.511569e-07	 1.250961e+00
 2.360751e+02	 4.216148e-04	 1.495284e-07	 1.248430e+00
 2.365488e+02	 4.188939e-04	 1.479236e-07	 1.245912e+00
 2.370235e+02	 4.161925e-04	 1.463371e-07	 1.243400e+00
 2.374976e+02	 4.135188e-04	 1.447736e-07	 1.240900e+00
 2.379710e+02	 4.108722e-04	 1.432326e-07	 1.238414e+00
 2.384455e+02	 4.082444e-04	 1.417091e-07	 1.235933e+00
 2.389194e+02	 4.056432e-04	 1.402074e-07	 1.233465e+00
 2.393935e+02	 4.030643e-04	 1.387250e-07	 1.231005e+00
 2.398677e+02	 4.005075e-04	 1.372614e-07	 1.228555e+00
 2.403415e+02	 3.979763e-04	 1.358187e-07	 1.226117e+00
 2.408153e+02	 3.954667e-04	 1.343942e-07	 1.223688e+00
 2.412894e+02	 3.929782e-04	 1.329877e-07	 1.221268e+00
 2.417636e+02	 3.905107e-04	 1.315989e-07	 1.218856e+00
 2.422374e+02	 3.880678e-04	 1.302297e-07	 1.216457e+00
 2.427120e+02	 3.856415e-04	 1.288755e-07	 1.214062e+00
 2.431861e+02	 3.832393e-04	 1.275403e-07	 1.211680e+00
 2.436596e+02	 3.808608e-04	 1.262238e-07	 1.209310e+00
 2.441340e+02	 3.784983e-04	 1.249215e-07	 1.206945e+00
 2.446078e+02	 3.761590e-04	 1.236374e-07	 1.204591e+00
 2.450819e+02	 3.738390e-04	 1.223691e-07	 1.202246e+00
 2.455561e+02	 3.715380e-04	 1.211164e-07	 1.199910e+00
 2.460298e+02	 3.692594e-04	 1.198809e-07	 1.197585e+00
 2.465044e+02	 3.669958e-04	 1.186586e-07	 1.195264e+00
 2.469784e+02	 3.647539e-04	 1.174529e-07	 1.192956e+00
 2.474519e+02	 3.625335e-04	 1.162638e-07	 1.190659e+00
 2.479263e+02	 3.603274e-04	 1.150870e-07	 1.188367e+00
 2.484001e+02	 3.581423e-04	 1.139261e-07	 1.186086e+00
 2.488741e+02	 3.559745e-04	 1.127791e-07	 1.183813e+00
 2.493483e+02	 3.538238e-04	 1.116458e-07	 1.181548e+00
 2.498226e+02	 3.516902e-04	 1.105260e-07	 1.179291e+00
 2.502964e+02	 3.495767e-04	 1.094212e-07	 1.177045e+00
 2.507704e+02	 3.474800e-04	 1.083296e-07	 1.174807e+00
 2.512445e+02	 3.453997e-04	 1.072508e-07	 1.172577e+00
 2.517188e+02	 3.433358e-04	 1.061848e-07	 1.170354e+00
 2.521926e+02	 3.412912e-04	 1.051330e-07	 1.168142e+00
 2.526665e+02	 3.392627e-04	 1.040936e-07	 1.165938e+00
 2.531406e+02	 3.372499e-04	 1.030664e-07	 1.163742e+00
 2.536149e+02	 3.352527e-04	 1.020512e-07	 1.161553e+00
 2.540886e+02	 3.332742e-04	 1.010494e-07	 1.159375e+00
 2.545633e+02	 3.313079e-04	 1.000577e-07	 1.157200e+00
 2.550373e+02	 3.293599e-04	 9.907906e-08	 1.155037e+00
 2.555108e+02	 3.274299e-04	 9.811332e-08	 1.152884e+00
 2.559852e+02	 3.255117e-04	 9.715722e-08	 1.150735e+00
 2.564590e+02	 3.236113e-04	 9.621366e-08	 1.148597e+00
 2.569331e+02	 3.217253e-04	 9.528096e-08	 1.146466e+00
 2.574073e+02	 3.198538e-04	 9.435897e-08	 1.144342e+00
 2.578816e+02	 3.179965e-04	 9.344755e-08	 1.142225e+00
 2.583554e+02	 3.161562e-04	 9.254798e-08	 1.140119e+00
 2.588293e+02	 3.143299e-04	 9.165867e-08	 1.138020e+00
 2.593035e+02	 3.125174e-04	 9.077949e-08	 1.135927e+00
 2.597778e+02	 3.107186e-04	 8.991029e-08	 1.133842e+00
 2.602515e+02	 3.089361e-04	 8.905231e-08	 1.131767e+00
 2.607254e+02	 3.071671e-04	 8.820403e-08	 1.129698e+00
 2.611995e+02	 3.054112e-04	 8.736530e-08	 1.127637e+00
 2.616738e+02	 3.036685e-04	 8.653602e-08	 1.125582e+00
 2.621474e+02	 3.019415e-04	 8.571735e-08	 1.123537e+00
 2.626221e+02	 3.002246e-04	 8.490655e-08	 1.121496e+00
 2.630961e+02	 2.985232e-04	 8.410609e-08	 1.119464e+00
 2.635695e+02	 2.968370e-04	 8.331580e-08	 1.117443e+00
 2.640439e+02	 2.951605e-04	 8.253304e-08	 1.115424e+00
 2.645177e+02	 2.934991e-04	 8.176019e-08	 1.113416e+00
 2.649916e+02	 2.918497e-04	 8.099587e-08	 1.111414e+00
 2.654657e+02	 2.902125e-04	 8.023997e-08	 1.109419e+00
 2.659401e+02	 2.885871e-04	 7.949239e-08	 1.107430e+00
 2.664137e+02	 2.869761e-04	 7.875418e-08	 1.105450e+00
 2.668884e+02	 2.853742e-04	 7.802288e-08	 1.103474e+00
 2.673624e+02	 2.837865e-04	 7.730072e-08	 1.101507e+00
 2.678359e+02	 2.822127e-04	 7.658758e-08	 1.099550e+00
 2.683103e+02	 2.806478e-04	 7.588105e-08	 1.097596e+00
 2.687841e+02	 2.790965e-04	 7.518331e-08	 1.095651e+00
 2.692581e+02	 2.775564e-04	 7.449313e-08	 1.093713e+00
 2.697323e+02	 2.760274e-04	 7.381040e-08	 1.091780e+00
 2.702066e+02	 2.745092e-04	 7.313505e-08	 1.089854e+00
 2.706803e+02	 2.730043e-04	 7.246804e-08	 1.087937e+00
 2.711542e+02	 2.715101e-04	 7.180819e-08	 1.086026e+00
 2.716283e+02	 2.700265e-04	 7.115542e-08	 1.084121e+00
 2.721026e+02	 2.685534e-04	 7.050964e-08	 1.082222e+00
 2.725770e+02	 2.670908e-04	 6.987076e-08	 1.080329e+00
 2.730508e+02	 2.656408e-04	 6.923971e-08	 1.078445e+00
 2.735248e+02	 2.642010e-04	 6.861537e-08	 1.076567e+00
 2.739990e+02	 2.627713e-04	 6.799765e-08	 1.074695e+00
 2.744726e+02	 2.613539e-04	 6.738747e-08	 1.072831e+00
 2.749471e+02	 2.599442e-04	 6.678275e-08	 1.070971e+00
 2.754210e+02	 2.585466e-04	 6.618538e-08	 1.069119e+00
 2.758951e+02	 2.571587e-04	 6.559430e-08	 1.067273e+00
 2.763693e+02	 2.557804e-04	 6.500941e-08	 1.065433e+00
 2.768430e+02	 2.544139e-04	 6.443158e-08	 1.063601e+00
 2.773169e+02	 2.530568e-04	 6.385977e-08	 1.061775e+00
 2.777916e+02	 2.517068e-04	 6.329301e-08	 1.059952e+00
 2.782650e+02	 2.503705e-04	 6.273394e-08	 1.058140e+00
 2.787393e+02	 2.490411e-04	 6.217977e-08	 1.056331e+00
 2.792131e+02	 2.477229e-04	 6.163221e-08	 1.054530e+00
 2.796877e+02	 2.464117e-04	 6.108944e-08	 1.052732e+00
 2.801618e+02	 2.451114e-04	 6.055313e-08	 1.050942e+00
 2.806353e+02	 2.438221e-04	 6.002321e-08	 1.049160e+00
 2.811097e+02	 2.425395e-04	 5.949788e-08	 1.047382e+00
 2.815836e+02	 2.412676e-04	 5.897878e-08	 1.045611e+00
 2.820575e+02	 2.400044e-04	 5.846501e-08	 1.043846e+00
 2.825317e+02	 2.387497e-04	 5.795648e-08	 1.042086e+00
 2.830060e+02	 2.375034e-04	 5.745315e-08	 1.040331e+00
 2.834797e+02	 2.362675e-04	 5.695574e-08	 1.038585e+00
 2.839536e+02	 2.350400e-04	 5.646339e-08	 1.036843e+00
 2.844277e+02	 2.338206e-04	 5.597603e-08	 1.035107e+00
 2.849019e+02	 2.326094e-04	 5.549360e-08	 1.033377e+00
 2.853763e+02	 2.314063e-04	 5.501605e-08	 1.031651e+00
 2.858503e+02	 2.302126e-04	 5.454386e-08	 1.029933e+00
 2.863236e+02	 2.290289e-04	 5.407724e-08	 1.028222e+00
 2.867982e+02	 2.278503e-04	 5.361422e-08	 1.026513e+00
 2.872718e+02	 2.266823e-04	 5.315696e-08	 1.024813e+00
 2.877456e+02	 2.255221e-04	 5.270430e-08	 1.023118e+00
 2.882206e+02	 2.243669e-04	 5.225510e-08	 1.021425e+00
 2.886946e+02	 2.232221e-04	 5.181148e-08	 1.019740e+00
 2.891687e+02	 2.220848e-04	 5.137228e-08	 1.018061e+00
 2.896418e+02	 2.209578e-04	 5.093852e-08	 1.016390e+00
 2.901162e+02	 2.198355e-04	 5.050805e-08	 1.014721e+00
 2.905907e+02	 2.187207e-04	 5.008185e-08	 1.013057e+00
 2.910643e+02	 2.176158e-04	 4.966092e-08	 1.011402e+00
 2.915379e+02	 2.165182e-04	 4.924415e-08	 1.009751e+00
 2.920125e+02	 2.154257e-04	 4.883073e-08	 1.008103e+00
 2.924867e+02	 2.143419e-04	 4.842198e-08	 1.006461e+00
 2.929604e+02	 2.132665e-04	 4.801773e-08	 1.004827e+00
 2.934349e+02	 2.121966e-04	 4.761695e-08	 1.003195e+00
 2.939089e+02	 2.111350e-04	 4.722057e-08	 1.001570e+00
 2.943825e+02	 2.100816e-04	 4.682855e-08	 9.999520e-01
 2.948568e+02	 2.090336e-04	 4.643986e-08	 9.983365e-01
 2.953307e+02	 2.079936e-04	 4.605542e-08	 9.967278e-01
 2.958053e+02	 2.069590e-04	 4.567425e-08	 9.951217e-01
 2.962783e+02	 2.059349e-04	 4.529819e-08	 9.935263e-01
 2.967532e+02	 2.049136e-04	 4.492436e-08	 9.919296e-01
 2.972265e+02	 2.039025e-04	 4.455554e-08	 9.903435e-01
 2.977005e+02	 2.028966e-04	 4.418981e-08	 9.887600e-01
 2.981752e+02	 2.018959e-04	 4.382715e-08	 9.871791e-01
 2.986495e+02	 2.009028e-04	 4.346844e-08	 9.856048e-01
 2.991233e+02	 1.999173e-04	 4.311363e-08	 9.840371e-01
 2.995966e+02	 1.989392e-04	 4.276267e-08	 9.824760e-01
 3.000707e+02	 1.979662e-04	 4.241463e-08	 9.809174e-01
 3.005455e+02	 1.969980e-04	 4.206949e-08	 9.793613e-01
 3.010198e+02	 1.960373e-04	 4.172810e-08	 9.778118e-01
 3.014936e+02	 1.950838e-04	 4.139039e-08	 9.762687e-01
 3.019670e+02	 1.941376e-04	 4.105634e-08	 9.747321e-01
 3.024411e+02	 1.931962e-04	 4.072504e-08	 9.731979e-01
 3.029159e+02	 1.922594e-04	 4.039648e-08	 9.716663e-01
 3.033889e+02	 1.913322e-04	 4.007229e-08	 9.701450e-01
 3.038640e+02	 1.904072e-04	 3.974993e-08	 9.686222e-01
 3.043373e+02	 1.894916e-04	 3.943185e-08	 9.671097e-01
 3.048113e+02	 1.885805e-04	 3.911638e-08	 9.655997e-01
 3.052860e+02	 1.876739e-04	 3.880348e-08	 9.640921e-01
 3.057602e+02	 1.867742e-04	 3.849394e-08	 9.625908e-01
 3.062339e+02	 1.858813e-04	 3.818771e-08	 9.610958e-01
 3.067083e+02	 1.849928e-04	 3.788397e-08	 9.596033e-01
 3.071822e+02	 1.841110e-04	 3.758347e-08	 9.581169e-01
 3.076556e+02	 1.832358e-04	 3.728618e-08	 9.566368e-01
 3.081297e+02	 1.823649e-04	 3.699130e-08	 9.551591e-01
 3.086045e+02	 1.814983e-04	 3.669880e-08	 9.536838e-01
 3.090775e+02	 1.806405e-04	 3.641016e-08	 9.522184e-01
 3.095525e+02	 1.797846e-04	 3.612311e-08	 9.507516e-01
 3.100257e+02	 1.789374e-04	 3.583984e-08	 9.492948e-01
 3.105009e+02	 1.780921e-04	 3.555811e-08	 9.478364e-01
 3.109742e+02	 1.772554e-04	 3.528010e-08	 9.463880e-01
 3.114482e+02	 1.764227e-04	 3.500431e-08	 9.449419e-01
 3.119218e+02	 1.755962e-04	 3.473144e-08	 9.435019e-01
 3.123960e+02	 1.747738e-04	 3.446074e-08	 9.420641e-01
 3.128709e+02	 1.739553e-04	 3.419219e-08	 9.406286e-01
 3.133440e+02	 1.731451e-04	 3.392717e-08	 9.392030e-01
 3.138190e+02	 1.723366e-04	 3.366356e-08	 9.377758e-01
 3.142922e+02	 1.715363e-04	 3.340341e-08	 9.363584e-01
 3.147661e+02	 1.707398e-04	 3.314532e-08	 9.349432e-01
 3.152407e+02	 1.699472e-04	 3.288926e-08	 9.335303e-01
 3.157148e+02	 1.691605e-04	 3.263590e-08	 9.321232e-01
 3.161882e+02	 1.683796e-04	 3.238520e-08	 9.307222e-01
 3.166624e+02	 1.676025e-04	 3.213646e-08	 9.293233e-01
 3.171372e+02	 1.668290e-04	 3.188968e-08	 9.279266e-01
 3.176114e+02	 1.660613e-04	 3.164548e-08	 9.265358e-01
 3.180851e+02	 1.652993e-04	 3.140383e-08	 9.251509e-01
 3.185595e+02	 1.645410e-04	 3.116407e-08	 9.237681e-01
 3.190332e+02	 1.637882e-04	 3.092681e-08	 9.223912e-01
 3.195077e+02	 1.630390e-04	 3.069140e-08	 9.210164e-01
 3.199815e+02	 1.622953e-04	 3.045843e-08	 9.196474e-01
 3.204547e+02	 1.615572e-04	 3.022789e-08	 9.182843e-01
 3.209287e+02	 1.608225e-04	 2.999914e-08	 9.169232e-01
 3.214032e+02	 1.600912e-04	 2.977214e-08	 9.155642e-01
 3.218772e+02	 1.593654e-04	 2.954751e-08	 9.142110e-01
 3.223519e+02	 1.586430e-04	 2.932460e-08	 9.128598e-01
 3.228259e+02	 1.579259e-04	 2.910401e-08	 9.115144e-01
 3.232994e+02	 1.572140e-04	 2.888571e-08	 9.101747e-01
 3.237735e+02	 1.565055e-04	 2.866907e-08	 9.088371e-01
 3.242469e+02	 1.558023e-04	 2.845468e-08	 9.075051e-01
 3.247211e+02	 1.551022e-04	 2.824193e-08	 9.061752e-01
 3.251959e+02	 1.544055e-04	 2.803079e-08	 9.048472e-01
 3.256701e+02	 1.537138e-04	 2.782184e-08	 9.035250e-01
 3.261437e+02	 1.530273e-04	 2.761504e-08	 9.022083e-01
 3.266179e+02	 1.523439e-04	 2.740980e-08	 9.008937e-01
 3.270915e+02	 1.516655e-04	 2.720668e-08	 8.995846e-01
 3.275657e+02	 1.509903e-04	 2.700509e-08	 8.982775e-01
 3.280406e+02	 1.503181e-04	 2.680503e-08	 8.969724e-01
 3.285136e+02	 1.496527e-04	 2.660756e-08	 8.956764e-01
 3.289885e+02	 1.489885e-04	 2.641104e-08	 8.943788e-01
 3.294627e+02	 1.483292e-04	 2.621653e-08	 8.930868e-01
 3.299363e+02	 1.476747e-04	 2.602402e-08	 8.918002e-01
 3.304106e+02	 1.470232e-04	 2.583295e-08	 8.905156e-01
 3.308842e+02	 1.463765e-04	 2.564384e-08	 8.892364e-01
 3.313585e+02	 1.457327e-04	 2.545613e-08	 8.879592e-01
 3.318321e+02	 1.450936e-04	 2.527034e-08	 8.866874e-01
 3.323063e+02	 1.444574e-04	 2.508594e-08	 8.854176e-01
 3.327799e+02	 1.438258e-04	 2.490342e-08	 8.841531e-01
 3.332541e+02	 1.431971e-04	 2.472224e-08	 8.828905e-01
 3.337290e+02	 1.425712e-04	 2.454241e-08	 8.816298e-01
 3.342032e+02	 1.419499e-04	 2.436441e-08	 8.803745e-01
 3.346767e+02	 1.413331e-04	 2.418822e-08	 8.791246e-01
 3.351509e+02	 1.407191e-04	 2.401333e-08	 8.778765e-01
 3.356243e+02	 1.401095e-04	 2.384021e-08	 8.766338e-01
 3.360985e+02	 1.395027e-04	 2.366837e-08	 8.753929e-01
 3.365732e+02	 1.388985e-04	 2.349779e-08	 8.741538e-01
 3.370473e+02	 1.382988e-04	 2.332893e-08	 8.729200e-01
 3.375206e+02	 1.377034e-04	 2.316179e-08	 8.716916e-01
 3.379946e+02	 1.371107e-04	 2.299586e-08	 8.704649e-01
 3.384693e+02	 1.365206e-04	 2.283115e-08	 8.692400e-01
 3.389433e+02	 1.359348e-04	 2.266810e-08	 8.680204e-01
 3.394165e+02	 1.353532e-04	 2.250669e-08	 8.668061e-01
 3.398917e+02	 1.347725e-04	 2.234600e-08	 8.655900e-01
 3.403648e+02	 1.341977e-04	 2.218739e-08	 8.643826e-01
 3.408386e+02	 1.336254e-04	 2.202991e-08	 8.631770e-01
 3.413131e+02	 1.330557e-04	 2.187358e-08	 8.619732e-01
 3.417867e+02	 1.324900e-04	 2.171882e-08	 8.607745e-01
 3.422611e+02	 1.319269e-04	 2.156517e-08	 8.595775e-01
 3.427347e+02	 1.313678e-04	 2.141307e-08	 8.583857e-01
 3.432089e+02	 1.308111e-04	 2.126206e-08	 8.571957e-01
 3.436838e+02	 1.302569e-04	 2.111213e-08	 8.560073e-01
 3.441579e+02	 1.297067e-04	 2.096370e-08	 8.548241e-01
 3.446313e+02	 1.291604e-04	 2.081677e-08	 8.536459e-01
 3.451054e+02	 1.286165e-04	 2.067088e-08	 8.524695e-01
 3.455800e+02	 1.280750e-04	 2.052603e-08	 8.512948e-01
 3.460539e+02	 1.275374e-04	 2.038263e-08	 8.501251e-01
 3.465284e+02	 1.270021e-04	 2.024025e-08	 8.489571e-01
 3.470022e+02	 1.264707e-04	 2.009929e-08	 8.477942e-01
 3.474752e+02	 1.259431e-04	 1.995973e-08	 8.466363e-01
 3.479502e+02	 1.254162e-04	 1.982076e-08	 8.454766e-01
 3.484245e+02	 1.248931e-04	 1.968317e-08	 8.443220e-01
 3.488980e+02	 1.243738e-04	 1.954695e-08	 8.431724e-01
 3.493721e+02	 1.238567e-04	 1.941169e-08	 8.420244e-01
 3.498455e+02	 1.233433e-04	 1.927778e-08	 8.408814e-01
 3.503194e+02	 1.228321e-04	 1.914480e-08	 8.397401e-01
 3.507940e+02	 1.223231e-04	 1.901276e-08	 8.386003e-01
 3.512678e+02	 1.218178e-04	 1.888203e-08	 8.374655e-01
 3.517423e+02	 1.213146e-04	 1.875221e-08	 8.363322e-01
 3.522159e+02	 1.208150e-04	 1.862368e-08	 8.352039e-01
 3.526902e+02	 1.203175e-04	 1.849605e-08	 8.340772e-01
 3.531651e+02	 1.198221e-04	 1.836930e-08	 8.329521e-01
 3.536377e+02	 1.193318e-04	 1.824418e-08	 8.318352e-01
 3.541124e+02	 1.188420e-04	 1.811956e-08	 8.307165e-01
 3.545863e+02	 1.183558e-04	 1.799617e-08	 8.296027e-01
 3.550609e+02	 1.178716e-04	 1.787363e-08	 8.284904e-01
 3.555346e+02	 1.173909e-04	 1.775230e-08	 8.273830e-01
 3.560089e+02	 1.169121e-04	 1.763181e-08	 8.262771e-01
 3.564824e+02	 1.164369e-04	 1.751251e-08	 8.251761e-01
 3.569566e+02	 1.159636e-04	 1.739403e-08	 8.240766e-01
 3.574313e+02	 1.154922e-04	 1.727636e-08	 8.229786e-01
 3.579052e+02	 1.150243e-04	 1.715985e-08	 8.218854e-01
 3.583783e+02	 1.145597e-04	 1.704448e-08	 8.207969e-01
 3.588535e+02	 1.140956e-04	 1.692956e-08	 8.197067e-01
 3.593264e+02	 1.136362e-04	 1.681611e-08	 8.186246e-01
 3.598013e+02	 1.131774e-04	 1.670309e-08	 8.175407e-01
 3.602754e+02	 1.127218e-04	 1.659118e-08	 8.164615e-01
 3.607487e+02	 1.122695e-04	 1.648037e-08	 8.153870e-01
 3.612225e+02	 1.118190e-04	 1.637031e-08	 8.143140e-01
 3.616970e+02	 1.113704e-04	 1.626100e-08	 8.132425e-01
 3.621706e+02	 1.109250e-04	 1.615275e-08	 8.121757e-01
 3.626449e+02	 1.104814e-04	 1.604524e-08	 8.111103e-01
 3.631197e+02	 1.100397e-04	 1.593846e-08	 8.100464e-01
 3.635937e+02	 1.096010e-04	 1.583271e-08	 8.089871e-01
 3.640668e+02	 1.091656e-04	 1.572800e-08	 8.079325e-01
 3.645420e+02	 1.087305e-04	 1.562368e-08	 8.068761e-01
 3.650149e+02	 1.082999e-04	 1.552069e-08	 8.058276e-01
 3.654898e+02	 1.078697e-04	 1.541807e-08	 8.047773e-01
 3.659639e+02	 1.074426e-04	 1.531646e-08	 8.037316e-01
 3.664370e+02	 1.070185e-04	 1.521583e-08	 8.026905e-01
 3.669123e+02	 1.065948e-04	 1.511557e-08	 8.016476e-01
 3.673852e+02	 1.061755e-04	 1.501659e-08	 8.006125e-01
 3.678602e+02	 1.057565e-04	 1.491796e-08	 7.995756e-01
 3.683344e+02	 1.053405e-04	 1.482029e-08	 7.985433e-01
 3.688076e+02	 1.049275e-04	 1.472357e-08	 7.975156e-01
 3.692814e+02	 1.045161e-04	 1.462749e-08	 7.964892e-01
 3.697558e+02	 1.041064e-04	 1.453205e-08	 7.954641e-01
 3.702294e+02	 1.036996e-04	 1.443753e-08	 7.944436e-01
 3.707035e+02	 1.032944e-04	 1.434363e-08	 7.934245e-01
 3.711782e+02	 1.028909e-04	 1.425036e-08	 7.924067e-01
 3.716520e+02	 1.024902e-04	 1.415799e-08	 7.913935e-01
 3.721265e+02	 1.020911e-04	 1.406622e-08	 7.903815e-01
 3.725999e+02	 1.016948e-04	 1.397534e-08	 7.893741e-01
 3.730740e+02	 1.013002e-04	 1.388506e-08	 7.883680e-01
 3.735487e+02	 1.009070e-04	 1.379537e-08	 7.873632e-01
 3.740225e+02	 1.005167e-04	 1.370654e-08	 7.863628e-01
 3.744969e+02	 1.001279e-04	 1.361830e-08	 7.853638e-01
 3.749704e+02	 9.974188e-05	 1.353091e-08	 7.843692e-01
 3.754444e+02	 9.935737e-05	 1.344408e-08	 7.833760e-01
 3.759190e+02	 9.897438e-05	 1.335782e-08	 7.823840e-01
 3.763927e+02	 9.859410e-05	 1.327239e-08	 7.813964e-01
 3.768670e+02	 9.821531e-05	 1.318751e-08	 7.804102e-01
 3.773404e+02	 9.783920e-05	 1.310345e-08	 7.794283e-01
 3.778143e+02	 9.746457e-05	 1.301994e-08	 7.784477e-01
 3.782888e+02	 9.709140e-05	 1.293696e-08	 7.774684e-01
 3.787624e+02	 9.672087e-05	 1.285478e-08	 7.764934e-01
 3.792366e+02	 9.635179e-05	 1.277313e-08	 7.755197e-01
 3.797113e+02	 9.598415e-05	 1.269200e-08	 7.745473e-01
 3.801851e+02	 9.561911e-05	 1.261165e-08	 7.735792e-01
 3.806595e+02	 9.525549e-05	 1.253182e-08	 7.726124e-01
 3.811329e+02	 9.489443e-05	 1.245276e-08	 7.716499e-01
 3.816070e+02	 9.453478e-05	 1.237419e-08	 7.706886e-01
 3.820815e+02	 9.417651e-05	 1.229613e-08	 7.697285e-01
 3.825552e+02	 9.382078e-05	 1.221882e-08	 7.687728e-01
 3.830294e+02	 9.346642e-05	 1.214200e-08	 7.678183e-01
 3.835026e+02	 9.311456e-05	 1.206592e-08	 7.668681e-01
 3.839780e+02	 9.276293e-05	 1.199007e-08	 7.659160e-01
 3.844509e+02	 9.241490e-05	 1.191519e-08	 7.649712e-01
 3.849258e+02	 9.206709e-05	 1.184054e-08	 7.640246e-01
 3.853998e+02	 9.172173e-05	 1.176661e-08	 7.630823e-01
 3.858729e+02	 9.137880e-05	 1.169338e-08	 7.621442e-01
 3.863480e+02	 9.103608e-05	 1.162038e-08	 7.612042e-01
 3.868222e+02	 9.069577e-05	 1.154807e-08	 7.602685e-01
 3.872954e+02	 9.035786e-05	 1.147645e-08	 7.593369e-01
 3.877691e+02	 9.002123e-05	 1.140528e-08	 7.584066e-01
 3.882434e+02	 8.968589e-05	 1.133456e-08	 7.574774e-01
 3.887183e+02	 8.935182e-05	 1.126428e-08	 7.565494e-01
 3.891923e+02	 8.902011e-05	 1.119467e-08	 7.556256e-01
 3.896667e+02	 8.868965e-05	 1.112549e-08	 7.547030e-01
 3.901402e+02	 8.836152e-05	 1.105697e-08	 7.537845e-01
 3.906142e+02	 8.803462e-05	 1.098888e-08	 7.528672e-01
 3.910888e+02	 8.770896e-05	 1.092121e-08	 7.519510e-01
 3.915624e+02	 8.738560e-05	 1.085419e-08	 7.510389e-01
 3.920366e+02	 8.706345e-05	 1.078758e-08	 7.501280e-01
 3.925098e+02	 8.674356e-05	 1.072160e-08	 7.492212e-01
 3.929851e+02	 8.642383e-05	 1.065582e-08	 7.483126e-01
 3.934577e+02	 8.610739e-05	 1.059087e-08	 7.474111e-01
 3.939326e+02	 8.579109e-05	 1.052611e-08	 7.465077e-01
 3.944064e+02	 8.547701e-05	 1.046196e-08	 7.456084e-01
 3.948808e+02	 8.516411e-05	 1.039821e-08	 7.447102e-01
 3.953542e+02	 8.485340e-05	 1.033506e-08	 7.438161e-01
 3.958281e+02	 8.454385e-05	 1.027230e-08	 7.429231e-01
 3.963025e+02	 8.423545e-05	 1.020992e-08	 7.420311e-01
 3.967760e+02	 8.392922e-05	 1.014814e-08	 7.411433e-01
 3.972500e+02	 8.362413e-05	 1.008673e-08	 7.402565e-01
 3.977246e+02	 8.332016e-05	 1.002569e-08	 7.393709e-01
 3.981981e+02	 8.301833e-05	 9.965237e-09	 7.384892e-01
 3.986722e+02	 8.271761e-05	 9.905148e-09	 7.376087e-01
 3.991468e+02	 8.241801e-05	 9.845426e-09	 7.367292e-01
 3.996204e+02	 8.212051e-05	 9.786266e-09	 7.358537e-01
 4.000945e+02	 8.182410e-05	 9.727465e-09	 7.349793e-01
 4.005692e+02	 8.152878e-05	 9.669022e-09	 7.341060e-01
 4.010429e+02	 8.123553e-05	 9.611128e-09	 7.332366e-01
 4.015171e+02	 8.094336e-05	 9.553585e-09	 7.323683e-01
 4.019918e+02	 8.065226e-05	 9.496391e-09	 7.315011e-01
 4.024655e+02	 8.036320e-05	 9.439733e-09	 7.306378e-01
 4.029397e+02	 8.007520e-05	 9.383417e-09	 7.297756e-01
 4.034129e+02	 7.978922e-05	 9.327630e-09	 7.289174e-01
 4.038866e+02	 7.950427e-05	 9.272178e-09	 7.280601e-01
 4.043609e+02	 7.922037e-05	 9.217060e-09	 7.272039e-01
 4.048357e+02	 7.893749e-05	 9.162272e-09	 7.263487e-01
 4.053094e+02	 7.865660e-05	 9.107998e-09	 7.254975e-01
 4.057837e+02	 7.837673e-05	 9.054049e-09	 7.246473e-01
 4.062569e+02	 7.809881e-05	 9.000605e-09	 7.238010e-01
 4.067323e+02	 7.782096e-05	 8.947299e-09	 7.229528e-01
 4.072050e+02	 7.754599e-05	 8.894672e-09	 7.221114e-01
 4.076798e+02	 7.727108e-05	 8.842179e-09	 7.212681e-01
 4.081535e+02	 7.699809e-05	 8.790177e-09	 7.204287e-01
 4.086278e+02	 7.672609e-05	 8.738483e-09	 7.195903e-01
 4.091027e+02	 7.645506e-05	 8.687098e-09	 7.187529e-01
 4.095764e+02	 7.618593e-05	 8.636191e-09	 7.179193e-01
 4.100507e+02	 7.591776e-05	 8.585587e-09	 7.170868e-01
 4.105239e+02	 7.565147e-05	 8.535454e-09	 7.162581e-01
 4.109976e+02	 7.538613e-05	 8.485617e-09	 7.154303e-01
 4.114719e+02	 7.512174e-05	 8.436075e-09	 7.146036e-01
 4.119467e+02	 7.485829e-05	 8.386824e-09	 7.137778e-01
 4.124203e+02	 7.459669e-05	 8.338033e-09	 7.129558e-01
 4.128946e+02	 7.433602e-05	 8.289528e-09	 7.121349e-01
 4.133677e+02	 7.407717e-05	 8.241475e-09	 7.113177e-01
 4.138429e+02	 7.381834e-05	 8.193537e-09	 7.104986e-01
 4.143171e+02	 7.356132e-05	 8.146046e-09	 7.096834e-01
 4.147902e+02	 7.330610e-05	 8.098997e-09	 7.088719e-01
 4.152638e+02	 7.305178e-05	 8.052222e-09	 7.080613e-01
 4.157379e+02	 7.279836e-05	 8.005719e-09	 7.072518e-01
 4.162126e+02	 7.254584e-05	 7.959488e-09	 7.064431e-01
 4.166861e+02	 7.229507e-05	 7.913687e-09	 7.056382e-01
 4.171602e+02	 7.204520e-05	 7.868152e-09	 7.048343e-01
 4.176347e+02	 7.179619e-05	 7.822881e-09	 7.040313e-01
 4.181082e+02	 7.154893e-05	 7.778030e-09	 7.032320e-01
 4.185822e+02	 7.130254e-05	 7.733439e-09	 7.024337e-01
 4.190567e+02	 7.105701e-05	 7.689106e-09	 7.016362e-01
 4.195301e+02	 7.081319e-05	 7.645184e-09	 7.008425e-01
 4.200056e+02	 7.056937e-05	 7.601362e-09	 7.000470e-01
 4.204784e+02	 7.032811e-05	 7.558099e-09	 6.992579e-01
 4.209534e+02	 7.008683e-05	 7.514932e-09	 6.984669e-01
 4.214272e+02	 6.984724e-05	 7.472165e-09	 6.976797e-01
 4.219015e+02	 6.960849e-05	 7.429644e-09	 6.968933e-01
 4.223747e+02	 6.937140e-05	 7.387516e-09	 6.961106e-01
 4.228484e+02	 6.913513e-05	 7.345630e-09	 6.953289e-01
 4.233226e+02	 6.889968e-05	 7.303983e-09	 6.945480e-01
 4.237973e+02	 6.866505e-05	 7.262574e-09	 6.937680e-01
 4.242709e+02	 6.843205e-05	 7.221548e-09	 6.929916e-01
 4.247450e+02	 6.819986e-05	 7.180756e-09	 6.922162e-01
 4.252196e+02	 6.796847e-05	 7.140197e-09	 6.914416e-01
 4.256930e+02	 6.773869e-05	 7.100011e-09	 6.906707e-01
 4.261670e+02	 6.750971e-05	 7.060055e-09	 6.899007e-01
 4.266415e+02	 6.728151e-05	 7.020325e-09	 6.891315e-01
 4.271148e+02	 6.705490e-05	 6.980961e-09	 6.883659e-01
 4.275903e+02	 6.682826e-05	 6.941680e-09	 6.875985e-01
 4.280629e+02	 6.660401e-05	 6.902901e-09	 6.868374e-01
 4.285378e+02	 6.637972e-05	 6.864202e-09	 6.860744e-01
 4.290115e+02	 6.615699e-05	 6.825859e-09	 6.853151e-01
 4.294856e+02	 6.593503e-05	 6.787732e-09	 6.845565e-01
 4.299604e+02	 6.571382e-05	 6.749820e-09	 6.837989e-01
 4.304339e+02	 6.549416e-05	 6.712258e-09	 6.830448e-01
 4.309079e+02	 6.527524e-05	 6.674906e-09	 6.822916e-01
 4.313824e+02	 6.505706e-05	 6.637763e-09	 6.815392e-01
 4.318557e+02	 6.484041e-05	 6.600962e-09	 6.807904e-01
 4.323296e+02	 6.462449e-05	 6.564367e-09	 6.800424e-01
 4.328040e+02	 6.440930e-05	 6.527977e-09	 6.792952e-01
 4.332788e+02	 6.419483e-05	 6.491790e-09	 6.785489e-01
 4.337525e+02	 6.398186e-05	 6.455936e-09	 6.778061e-01
 4.342266e+02	 6.376962e-05	 6.420281e-09	 6.770641e-01
 4.346996e+02	 6.355885e-05	 6.384954e-09	 6.763257e-01
 4.351748e+02	 6.334802e-05	 6.349694e-09	 6.755854e-01
 4.356488e+02	 6.313867e-05	 6.314758e-09	 6.748486e-01
 4.361232e+02	 6.293001e-05	 6.280016e-09	 6.741126e-01
 4.365965e+02	 6.272282e-05	 6.245593e-09	 6.733801e-01
 4.370703e+02	 6.251632e-05	 6.211360e-09	 6.726484e-01
 4.375445e+02	 6.231050e-05	 6.177316e-09	 6.719176e-01
 4.380193e+02	 6.210537e-05	 6.143460e-09	 6.711875e-01
 4.384929e+02	 6.190168e-05	 6.109914e-09	 6.704609e-01
 4.389669e+02	 6.169866e-05	 6.076553e-09	 6.697351e-01
 4.394414e+02	 6.149632e-05	 6.043376e-09	 6.690101e-01
 4.399148e+02	 6.129539e-05	 6.010502e-09	 6.682886e-01
 4.403886e+02	 6.109513e-05	 5.977809e-09	 6.675679e-01
 4.408629e+02	 6.089553e-05	 5.945294e-09	 6.668479e-01
 4.413377e+02	 6.069659e-05	 5.912959e-09	 6.661288e-01
 4.418113e+02	 6.049904e-05	 5.880918e-09	 6.654131e-01
 4.422853e+02	 6.030214e-05	 5.849053e-09	 6.646981e-01
 4.427599e+02	 6.010589e-05	 5.817362e-09	 6.639840e-01
 4.432332e+02	 5.991101e-05	 5.785960e-09	 6.632732e-01
 4.437071e+02	 5.971677e-05	 5.754729e-09	 6.625633e-01
 4.441814e+02	 5.952317e-05	 5.723668e-09	 6.618541e-01
 4.446544e+02	 5.933092e-05	 5.692891e-09	 6.611483e-01
 4.451298e+02	 5.913859e-05	 5.662167e-09	 6.604406e-01
 4.456038e+02	 5.894760e-05	 5.631722e-09	 6.597364e-01
 4.460766e+02	 5.875794e-05	 5.601556e-09	 6.590355e-01
 4.465516e+02	 5.856820e-05	 5.571440e-09	 6.583328e-01
 4.470254e+02	 5.837978e-05	 5.541599e-09	 6.576334e-01
 4.474997e+02	 5.819197e-05	 5.511919e-09	 6.569348e-01
 4.479744e+02	 5.800478e-05	 5.482399e-09	 6.562370e-01
 4.484479e+02	 5.781889e-05	 5.453149e-09	 6.555425e-01
 4.489219e+02	 5.763361e-05	 5.424055e-09	 6.548487e-01
 4.493963e+02	 5.744892e-05	 5.395118e-09	 6.541557e-01
 4.498695e+02	 5.726553e-05	 5.366444e-09	 6.534661e-01
 4.503432e+02	 5.708273e-05	 5.337924e-09	 6.527771e-01
 4.508173e+02	 5.690053e-05	 5.309556e-09	 6.520890e-01
 4.512920e+02	 5.671891e-05	 5.281341e-09	 6.514015e-01
 4.517654e+02	 5.653856e-05	 5.253382e-09	 6.507174e-01
 4.522392e+02	 5.635879e-05	 5.225572e-09	 6.500340e-01
 4.527136e+02	 5.617960e-05	 5.197910e-09	 6.493513e-01
 4.531884e+02	 5.600098e-05	 5.170396e-09	 6.486694e-01
 4.536619e+02	 5.582362e-05	 5.143132e-09	 6.479908e-01
 4.541359e+02	 5.564682e-05	 5.116013e-09	 6.473129e-01
 4.546104e+02	 5.547059e-05	 5.089038e-09	 6.466357e-01
 4.550836e+02	 5.529559e-05	 5.062308e-09	 6.459618e-01
 4.555591e+02	 5.512048e-05	 5.035618e-09	 6.452860e-01
 4.560333e+02	 5.494660e-05	 5.009170e-09	 6.446135e-01
 4.565061e+02	 5.477393e-05	 4.982963e-09	 6.439443e-01
 4.569812e+02	 5.460116e-05	 4.956794e-09	 6.432732e-01
 4.574550e+02	 5.442959e-05	 4.930862e-09	 6.426054e-01
 4.579293e+02	 5.425857e-05	 4.905068e-09	 6.419383e-01
 4.584023e+02	 5.408874e-05	 4.879507e-09	 6.412745e-01
 4.588776e+02	 5.391880e-05	 4.853982e-09	 6.406088e-01
 4.593515e+02	 5.375005e-05	 4.828689e-09	 6.399463e-01
 4.598241e+02	 5.358248e-05	 4.803626e-09	 6.392871e-01
 4.602990e+02	 5.341480e-05	 4.778597e-09	 6.386261e-01
 4.607726e+02	 5.324828e-05	 4.753795e-09	 6.379682e-01
 4.612466e+02	 5.308229e-05	 4.729123e-09	 6.373111e-01
 4.617211e+02	 5.291683e-05	 4.704579e-09	 6.366546e-01
 4.621943e+02	 5.275252e-05	 4.680258e-09	 6.360014e-01
 4.626698e+02	 5.258810e-05	 4.655970e-09	 6.353463e-01
 4.631439e+02	 5.242482e-05	 4.631902e-09	 6.346944e-01
 4.636168e+02	 5.226269e-05	 4.608052e-09	 6.340457e-01
 4.640918e+02	 5.210043e-05	 4.584233e-09	 6.333951e-01
 4.645656e+02	 5.193931e-05	 4.560630e-09	 6.327478e-01
 4.650398e+02	 5.177870e-05	 4.537149e-09	 6.321011e-01
 4.655127e+02	 5.161921e-05	 4.513880e-09	 6.314576e-01
 4.659878e+02	 5.145959e-05	 4.490641e-09	 6.308123e-01
 4.664616e+02	 5.130110e-05	 4.467613e-09	 6.301701e-01
 4.669359e+02	 5.114309e-05	 4.444703e-09	 6.295286e-01
 4.674088e+02	 5.098620e-05	 4.422001e-09	 6.288902e-01
 4.678840e+02	 5.082917e-05	 4.399326e-09	 6.282500e-01
 4.683579e+02	 5.067325e-05	 4.376857e-09	 6.276130e-01
 4.688322e+02	 5.051781e-05	 4.354503e-09	 6.269766e-01
 4.693052e+02	 5.036345e-05	 4.332351e-09	 6.263434e-01
 4.697805e+02	 5.020897e-05	 4.310226e-09	 6.257083e-01
 4.702544e+02	 5.005558e-05	 4.288301e-09	 6.250763e-01
 4.707287e+02	 4.990265e-05	 4.266487e-09	 6.244450e-01
 4.712017e+02	 4.975080e-05	 4.244871e-09	 6.238168e-01
 4.716751e+02	 4.959941e-05	 4.223365e-09	 6.231893e-01
 4.721491e+02	 4.944849e-05	 4.201969e-09	 6.225624e-01
 4.726235e+02	 4.929803e-05	 4.180681e-09	 6.219361e-01
 4.730983e+02	 4.914803e-05	 4.159503e-09	 6.213105e-01
 4.735718e+02	 4.899909e-05	 4.138515e-09	 6.206880e-01
 4.740471e+02	 4.885016e-05	 4.117572e-09	 6.200642e-01
